./result/GEI_result_cl.txt
mAP:53.4375
rank1:53.3
rank5:69.76249999999999
rank10:63.9375
rank20:69.76249999999999
./result/GEI_result_bg.txt
mAP:85.9875
rank1:97.1125
rank5:98.9125
rank10:98.325
rank20:98.9125
./result/GEI_result_nm.txt
mAP:75.475
rank1:99.8125
rank5:100.0
rank10:100.0
rank20:100.0
